
Thu Apr 22 18:02:54 UTC 2021

Sample run - verbatim

0.1.0-g.6 - alpha kiyuta ii
 op_nop op_nop op_nop op_nop op_nop op_nop op_nop op_nop op_romptr op_dump
200012b8     1  0  0  0  1  0  0  0  1  0  0  0  1  0  0  0   ................
200012c8     1  0  0  0  1  0  0  0  1  0  0  0  1  0  0  0   ................
200012d8     b  0  0  0  a  0  0  0  b  0  0  0  d  0  0  0   ................
200012e8    10  0  0  0  e  0  0  0  b  0  0  0  a  0  0  0   ................
200012f8     b  0  0  0  d  0  0  0  b  0  0  0  a  0  0  0   ................
20001308     b  0  0  0  d  0  0  0  a  0  0  0  b  0  0  0   ................
20001318     a  0  0  0  b  0  0  0  d  0  0  0  b  0  0  0   ................
20001328     a  0  0  0  b  0  0  0  d  0  0  0  b  0  0  0   ................
20001338    50 46  0  0  2  0  0  0  b  0  0  0  b  0  0  0   PF..............
20001348     c  0  0  0  b  0  0  0 28  0  0  0  2  0  0  0   ........(.......
20001358     b  0  0  0  b  0  0  0  d  0  0  0  b  0  0  0   ................
20001368    e7  3  0  0  2  0  0  0  b  0  0  0 e7  3  0  0   ................
20001378     2  0  0  0  1  0  0  0  b  0  0  0  0  0  0  0   ................
20001388     b  0  0  0  7  0  0  0  b  0  0  0  e  0  0  0   ................
20001398     b  0  0  0 15  0  0  0  b  0  0  0 1c  0  0  0   ................
200013a8     b  0  0  0 23  0  0  0  b  0  0  0 2a  0  0  0   ....#.......*...
91 10 13 536875960 10 13 10 13 
 op_delay op_gpio_on op_delay op_gpio_off op_delay op_delay op_nop
0 7 14 21 28 35 42 49 
 op_delay
5 10 15 20 25 30 35 40 
 op_delay
0 7 14 21 28 35 42 49 
 op_delay
3 6 9 12 15 18 21 24 
 op_delay
7999 6 9 12 15 18 21 24 
 op_delay
3999 6 9 12 15 18 21 24 
 op_delay
3999 6 9 12 15 18 21 24 
 op_delay
3999 6 9 12 15 18 21 24 
 op_delay op_nop
3999 6 9 12 15 18 21 24 
 op_tib_init op_reflash delay 2 seconds..

[reflash]


Dump, interpreted into base 10:

200012b8      1   0   0   0    1   0   0   0    1   0   0   0    1   0   0  0   ................
200012c8      1   0   0   0    1   0   0   0    1   0   0   0    1   0   0  0   ................
200012d8    [11]  0   0   0  [10]  0   0   0  [11]  0   0   0  [13]  0   0  0   ................
200012e8    [16]  0   0   0  [14]  0   0   0  [11]  0   0   0 [18,000]   0  0   ............PF..
200012f8      2   0   0   0  [11]  0   0   0  [11]  0   0   0  [12]  0   0  0   ................
20001308    [11]  0   0   0  [40]  0   0   0    2   0   0   0  [11]  0   0  0   ....(...........
20001318    [11]  0   0   0  [13]  0   0   0  [11]  0   0   0 [999]      0  0   ................
20001328      2   0   0   0  [11]  0   0   0 [999]      0   0    2   0   0  0   ................
20001338      1   0   0   0  [11]  0   0   0    0   0   0   0  [11]  0   0  0   ................
20001348      7   0   0   0  [11]  0   0   0  [14]  0   0   0  [11]  0   0  0   ................
20001358    [21]  0   0   0  [11]  0   0   0  [28]  0   0   0  [11]  0   0  0   ................
20001368    [35]  0   0   0  [11]  0   0   0  [42]  0   0   0  [11]  0   0  0   #.......*.......
20001378    [49]  0   0   0  [10]  0   0   0  [11]  0   0   0 [7,999]    0  0   1...........?...
20001388      2   0   0   0  [11]  0   0   0    5   0   0   0  [11]  0   0  0   ................
20001398    [10]  0   0   0  [11]  0   0   0  [15]  0   0   0  [11]  0   0  0   ................
200013a8    [20]  0   0   0  [11]  0   0   0  [25]  0   0   0  [11]  0   0  0   ................

Stack report, from the above:

91 10 13 536875960 10 13 10 13 

gforth
decimal  ok
536875960  ok
hex . 200013B8  ok

Looks like the next address to dump was on the stack already. ;)

END.
